rootlocs = {1/3,2/3,1,4/3,5/3,2}
tvar.002 = {{0.444442,1.11111,2.22221,3.77775,5.77773,8.22212},{1.11111,1.77777,2.88887,4.44442,6.4444,8.8888},{2.22221,2.88887,3.99998,5.55552,7.55551,9.99991},{3.77775,4.44442,5.55552,7.11107,9.11105,11.5555},{5.77773,6.4444,7.55551,9.11105,11.111,13.5554},{8.22212,8.8888,9.99991,11.5555,13.5554,15.9998}}
tvar.004 = {{0.444431,1.11108,2.22215,3.77763,5.77741,8.2005},{1.11108,1.77772,2.8888,4.44429,6.44413,8.86759},{2.22215,2.8888,3.99987,5.55536,7.55522,9.98057},{3.77763,4.44429,5.55536,7.11084,9.1107,11.5388},{5.77741,6.44413,7.55522,9.1107,11.1143,13.5396},{8.2005,8.86759,9.98057,11.5388,13.5396,15.9804}}
tvar.006 = {{0.444414,1.11103,2.22204,3.77729,5.76253,8.17896},{1.11103,1.77765,2.88867,4.44398,6.41794,8.8499},{2.22204,2.88867,3.99967,5.55498,7.53306,9.95865},{3.77729,4.44398,5.55498,7.11027,9.09203,11.5141},{5.76253,6.41794,7.53306,9.09203,11.0826,13.5141},{8.17896,8.8499,9.95865,11.5141,13.5141,15.953}}
tvar.008 = {{0.444391,1.11097,2.22186,3.77643,5.74635,8.1809},{1.11097,1.77755,2.88845,4.44331,6.44944,8.84153},{2.22186,2.88845,3.99933,5.55422,7.52272,9.95369},{3.77643,4.44331,5.55422,7.10558,9.08548,11.5069},{5.74635,6.44944,7.52272,9.08548,11.0682,13.4958},{8.1809,8.84153,9.95369,11.5069,13.4958,15.9204}}
tvar.010 = {{0.44436,1.11089,2.22154,3.77227,5.72391,8.1407},{1.11089,1.77741,2.88811,4.44195,6.38764,8.9332},{2.22154,2.88811,3.99877,5.5527,7.54837,9.91883},{3.77227,4.44195,5.5527,7.07117,9.09474,11.4639},{5.72391,6.38764,7.54837,9.09474,11.038,13.5376},{8.1407,8.9332,9.91883,11.4639,13.5376,15.9189}}

